1    448
6    3
4    405
5    529
16    2792
5    287
16    2792
9    220
16    2792
1    2
1    285
1    202
575    927
16    2792
16385    6270
13    401
16    2792
26    2228
5    347
43    854
2    2
49    1225
16    2792
2    366
10    170
9    576
26    2228
16    2792
16    2792
8    513
41    1442
1    6
2    2
16    2792
16    2792
16    2792
8    436
31    240
16    2792
26    2228
16    2792
674    5252
35    405
126    4507
16    2792
0    2792
9    1376
184    5459
1    4
16    2792
49    1537
14    596
16    2792
25    1798
16    2792
8    119
1    2
43    3074
3    2
16    2792
16    2792
1036    6999
991    1666
16    2792
5    251
17    2792
8    511
11468    6270
20    411
26    2228
16    2792
3618    1831
16    2792
18    1414
16    2792
4732    6131
16    2792
95    1311
40    579
5    279
1103    2943
26    2228
6    404
2    399
26    2228
1    939
26    2228
1    1046
116    4368
16    2792
16    2792
1    360
16    2792
1    916
22    827
16    2792
16    2792
16    2792
1875    7008
16    2792
8    430
12    475
4    564
16    2792
1    130
26    2228
43    2792
1    63
10    844
3    794
16    2792
174    1297
11    1016
16    2792
1    3
1    30
6    632
11    731
16    2792
5    303
21    634
16    2792
44    2792
16    373
10    1122
2    175
16    2792
1    3
604    829
16    2792
524    2749
4    1114
115    3542
31    1704
6    364
119    1790
16    2792
16    2792
56    695
1    9
16    2792
