4673.29955622
3570.11261091
3510.77468505
3479.48245539
3455.27563312
3433.98486165
3414.61032349
3398.71963855
3384.90028891
3372.75497695
3362.23304739
3351.65307718
3342.52264654
3334.68341505
3328.76009948
3323.59972563
3319.50552459
3315.59473131
3312.28648376
3309.7664257
3307.32827103
3304.60552289
3302.59703373
3300.58481991
3298.36497242
3296.37961606
3294.21188433
3292.00510086
3289.88456123
3288.12434305
3286.54023004
3284.89961053
3283.18555357
3281.56682563
3279.84318869
3277.91051073
3275.90312413
3274.10019963
3272.24718363
3270.18508157
3268.10843309
3266.11461832
3263.97797799
3261.76934856
3259.49224026
3257.29191451
3255.24952334
3253.17597147
3250.77386132
3248.12691253
3245.14100299
3242.15326973
3238.8813103
3235.94963949
3233.16937242
3230.24627309
3227.33515958
3224.75203728
3222.46606522
3220.37163755
3217.99899132
3215.48014074
3212.87441772
3210.19708839
3207.86472648
3205.84314438
3203.87523446
3202.01048977
3200.16397127
3198.07916094
3195.89938006
3193.63978966
3191.3058654
3189.00142399
3186.90615966
3184.7840674
3182.74705548
3180.90544434
3179.12728371
3177.26391063
3175.27065246
3173.40449855
3171.82216293
3170.29100781
3168.88062742
3167.57997324
3166.45566296
3165.32774241
3164.17909225
3163.1871291
3162.20361509
3161.21163398
3160.3906001
3159.63530117
3158.88482344
3158.09654265
3157.23166396
3156.29823249
3155.35748258
3154.48817642
3153.61020393
3152.75636329
3151.91233461
3151.10134392
3150.41470538
3149.75959818
3149.09258631
3148.37897627
3147.59106837
3146.83341745
3146.03524664
3145.21622825
3144.22281372
3143.14154836
3142.06023237
3141.11729197
3140.19060143
3139.27046039
3138.30505108
3137.27790122
3136.28987958
3135.24090328
3134.20265596
3133.1697087
3132.16344275
3131.20073447
3130.31096528
3129.34638939
3128.21169024
3127.32656675
3126.4903646
3125.71431039
3124.91902877
3124.07677662
3123.32345066
3122.64140887
3121.9809798
3121.32927035
3120.63694094
3119.95374258
3119.29378958
3118.55887191
3117.81696937
3117.10886396
3116.43799015
3115.82611536
3115.18338881
3114.57040595
3114.01980667
3113.52566627
3113.00463252
3112.49210423
3112.05594888
3111.59579085
3111.0691903
3110.47499583
3109.80076076
3109.09377157
3108.43242884
3107.74825142
3107.01030951
3106.21945405
3105.50631312
3104.87553263
3104.31046555
3103.82969625
3103.44031731
3103.10216369
3102.74170633
3102.35877098
3101.97774072
3101.61243962
3101.19298684
3100.7897275
3100.43573671
3100.22926824
3099.95309188
3099.61669997
3099.35126687
3099.00818881
3098.74042534
3098.50014588
3098.16607516
3097.91578377
3097.68773915
3097.43873442
3097.16446261
3096.82226901
3096.4721876
3096.07256461
3095.63552145
3095.19518882
3094.74983981
3094.3895633
3093.96482656
3093.50059542
3093.00689475
3092.50091996
3091.97270702
3091.42444836
3090.89357332
3090.43063566
3090.045465
3089.69686236
3089.3686973
3089.07758231
3088.79768465
3088.55243072
3088.30913209
3088.04542045
3087.77368162
3087.509872
3087.27104185
3087.05727133
3086.84064566
3086.62134338
3086.40233876
3086.20016189
3085.99579143
3085.80555915
3085.68218256
3085.56532771
3085.43864542
3085.3171174
3085.20799374
3085.09745186
3084.96218883
3084.82219764
3084.66361407
3084.52130994
3084.37806833
3084.22037072
3084.064161
3083.88958719
3083.73407012
3083.56542523
3083.37818426
3083.17960187
3082.97191104
3082.77974214
3082.57878323
3082.35791234
3082.11091029
3081.83800017
3081.5588019
3081.28625336
3081.02151927
3080.7701255
3080.57708883
3080.36561343
3080.11977181
3079.86092981
3079.52720122
3079.19837696
3078.87848847
3078.54579715
3078.19454531
3077.82347206
3077.46726371
3077.11317928
3076.7577563
3076.44172733
3076.12394891
3075.82395867
3075.53427214
3075.27127495
3074.96190538
3074.63445803
3074.29653792
3073.94494842
3073.60155336
3073.27268212
3073.04979141
3072.85974885
3072.68324796
3072.54080408
3072.41037105
3072.25150856
3072.07421729
3071.82356241
3071.61689994
3071.38154415
3071.14484471
3070.86919843
3070.59442125
3070.3978693
3070.19338023
3069.98793189
3069.83504566
3069.68559474
3069.48993357
3069.32294263
3069.15968943
3069.02260173
3068.91227575
3068.81084589
3068.68959976
3068.53067046
3068.31119275
3068.11933592
3068.00956693
3067.84775833
3067.62760308
3067.39774498
3067.14045515
3066.86960537
3066.59079641
3066.29631875
3065.94265587
3065.61578961
3065.315736
3064.9931783
3064.60097623
3064.1502007
3063.73942938
3063.32653598
3062.89045437
3062.47570747
3062.09181766
3061.75401975
3061.42865586
3061.07527247
3060.68509769
3060.25582753
3059.73435406
3059.12408306
3058.51664045
3058.05890442
3057.78307015
3057.56367522
3057.44346497
3057.44656707
