0
0
0
0
0
0
0
0
0
0
0
0
1
0
0
0
0
0
0
0
0
0
6
0
0
0
4
5
0
16
0
5
0
0
0
0
0
16
9
0
0
16
0
0
1
1
0
0
0
0
0
1
0
0
0
0
0
0
0
0
575
0
0
16
0
0
0
0
0
16385
0
0
0
0
0
0
0
0
0
0
0
0
0
0
0
0
0
0
13
0
0
0
0
0
0
16
0
0
0
26
0
0
0
0
0
5
0
0
43
2
0
0
0
0
49
0
0
0
16
0
2
0
0
0
0
0
10
0
0
0
0
0
0
0
0
0
0
0
0
9
0
0
0
0
0
0
0
0
0
0
26
0
16
0
0
0
0
0
0
16
0
0
0
0
0
8
0
0
0
0
0
0
0
0
0
41
0
0
0
0
0
0
0
0
0
0
0
0
0
0
0
0
0
0
0
0
0
0
0
0
0
0
1
0
2
0
0
0
0
0
0
0
0
0
0
0
0
0
0
0
0
0
0
0
0
0
0
0
0
0
0
0
0
16
16
0
0
0
0
0
16
0
0
0
0
0
0
0
8
0
0
31
16
26
0
16
0
0
0
0
0
0
0
0
0
0
0
0
0
0
0
0
0
0
0
674
0
0
0
35
0
0
0
0
0
0
0
0
0
0
0
0
0
0
0
0
126
0
0
0
0
16
0
0
0
0
0
0
0
0
0
0
0
0
0
0
0
0
0
0
0
0
0
0
0
0
9
0
184
0
1
0
0
16
0
0
0
0
0
0
0
0
0
0
0
0
0
0
0
49
0
14
0
16
25
0
0
0
0
0
0
16
0
0
0
0
0
0
0
0
0
0
0
0
0
0
0
0
0
8
0
0
1
0
0
0
0
0
0
0
0
0
0
0
0
43
0
0
0
0
0
0
0
0
3
0
0
0
0
0
0
0
0
0
0
16
0
0
0
16
0
0
1036
0
991
0
0
0
0
0
0
0
0
0
0
0
0
0
0
0
0
0
0
16
5
0
0
0
0
0
0
0
0
0
0
0
0
0
0
17
0
0
0
0
0
0
0
0
8
0
0
0
0
11468
0
0
0
0
20
26
0
0
0
0
0
0
16
13
0
0
0
0
0
0
0
0
0
0
0
0
0
0
0
0
0
3618
0
0
0
0
0
0
0
0
0
0
0
0
0
16
0
0
0
0
18
0
0
16
0
0
0
0
0
0
0
0
0
0
0
0
4732
16
0
0
0
0
0
0
0
0
95
0
0
40
0
0
0
0
0
0
0
0
0
0
0
0
0
0
0
5
1103
0
0
0
0
0
0
0
26
0
0
6
0
0
0
0
0
0
0
0
0
2
0
26
0
0
0
0
0
1
0
26
0
1
0
0
0
0
0
0
0
0
0
0
0
0
0
0
0
116
0
16
0
16
1
0
0
0
0
0
0
0
0
0
0
0
0
0
0
0
0
0
0
16
0
0
0
0
0
1
0
0
0
0
0
0
0
0
0
0
0
0
0
0
0
0
0
0
22
0
0
0
0
0
0
0
0
0
0
16
16
0
0
0
0
0
0
0
0
0
16
1875
0
0
0
16
0
0
0
0
0
0
0
0
0
0
0
0
0
8
0
0
0
0
0
0
0
0
12
0
0
0
0
0
0
4
0
0
16
0
0
0
0
0
0
0
0
0
0
0
0
0
0
0
0
0
1
0
0
0
0
0
0
0
26
0
0
0
0
43
0
0
0
0
1
0
0
10
0
0
0
0
0
0
3
0
0
0
16
0
0
0
0
0
174
0
0
0
0
0
0
0
0
0
0
0
0
0
0
0
0
0
0
0
0
0
0
0
0
0
0
0
0
0
0
11
0
0
0
0
0
16
1
0
0
0
0
0
0
1
0
0
6
0
11
16
0
0
5
0
0
0
0
0
0
0
0
0
21
0
0
0
0
16
0
0
0
0
44
0
0
0
0
0
0
0
0
0
0
0
0
0
0
0
0
0
0
0
16
0
0
0
0
0
0
0
0
0
0
10
2
0
0
0
0
0
0
16
0
0
0
0
0
0
0
0
0
0
0
0
0
0
0
0
0
0
1
0
0
0
0
0
0
0
0
0
0
0
0
604
0
16
0
0
0
0
0
0
0
0
0
0
0
0
0
0
524
4
0
115
0
0
0
0
0
0
0
0
0
0
31
0
0
0
0
0
6
0
119
16
0
0
0
16
0
0
0
0
0
0
0
56
0
0
1
0
0
0
0
0
0
0
0
0
0
0
0
16
0
0
