21934
40607
19959
10624
18534
426
25336
22279
4257
1812
925
1812
16635
27402
3008
93
36511
16799
1914
18424
21077
20887
9855
10703
9952
27875
24824
14106
738
29090
10434
17815
10123
26122
11542
10258
11506
61272
2
20151
19781
35005
21037
245
26303
22485
1966
2090
31438
87814
20249
33850
20163
20714
3814
20040
93
21621
13248
45231
7961
38290
20825
17777
22090
20843
234
20635
61396
20085
15460
18447
142
3358
25532
20230
10449
16898
22512
10615
25295
825
11310
40291
25286
8883
914
19181
50486
25730
19276
20881
21207
786
2567
49703
1139
16088
19681
30419
20973
13321
2
2953
93
10148
20556
740
32311
26028
3360
20369
36388
19882
734
8143
34492
328
19959
17096
23475
15595
20491
10317
38624
25167
35376
3827
3102
21174
1513
129
3133
9732
10060
10508
1142
20116
7270
852
17954
17441
28040
20545
2
20586
21680
3075
21643
35825
24778
20140
2056
84
17496
8422
33217
2
20265
948
2
3091
1248
14659
14610
13047
20875
16943
18318
3195
3835
3814
3115
11693
29711
14977
18439
2
21482
216
19750
6122
16089
16865
6291
9325
19054
32561
3375
9445
18839
3114
18445
21859
3008
81023
30558
22491
2
24526
21879
6235
3814
11319
12201
1140
20275
75521
34536
3360
20445
43912
740
68450
93
27130
38801
226782
12350
31194
20377
20560
738
3008
37991
35088
10935
32173
2563
10618
34103
27070
254
3360
25818
21744
1140
22933
1547
72394
10797
44849
678
16342
22475
21273
21872
19895
693
2
136
17843
34106
42802
194
8856
1966
21059
12600
60389
32173
19715
860
24706
7350
22875
19764
28254
7570
21585
4957
856
732
1810
70646
18069
20001
21579
132060
5009
4697
14098
34947
3362
3954
11129
9342
21675
730
14386
24678
689
12598
3150
360
7917
33701
13788
24303
17694
22747
34328
1326
1140
14396
30041
19068
3008
20494
18391
25315
3077
18593
34803
17145
2460
46381
1140
46077
2895
23303
31672
25957
35679
83951
42802
15964
13744
36402
19655
830
1110
26089
3008
1959
15264
2
22519
11431
40429
22202
31248
24069
20136
49864
19980
3008
738
32702
4141
1802
3360
22049
19784
32174
16089
9276
56382
82336
3814
40045
1081
3475
30027
40369
11789
20032
27146
16133
21400
3660
20250
36045
738
20397
21279
13230
20434
6657
1659
133544
1822
3360
17856
20333
3814
19516
1802
28275
3814
6248
736
13687
4348
122
17832
22776
19649
88080
70
93
26584
3131
52249
8615
23300
9289
14168
21014
734
3814
22138
7049
20145
20251
8072
35764
2048
1001
20167
740
20479
20057
24591
17736
20848
20553
26037
21410
21869
17779
1644
3352
1818
33722
27032
8763
6129
4721
9422
653
15143
10049
9247
2269
20373
34536
20987
3814
23487
19755
17845
2600
2
3160
10128
19942
24052
48137
28344
3360
837
7973
854
2
20742
23960
22231
36363
29054
19969
3929
34341
18849
15881
3008
17089
22494
17791
35840
20422
736
19486
20343
9767
68153
31835
2
93
20499
1060
33389
4815
34654
20718
22134
34269
54634
9005
3198
8359
8122
10732
20638
20712
58475
20269
20807
19908
9039
10310
10093
93
732
26991
3811
34542
3656
8954
894
17474
6953
22740
19626
13788
20781
8163
360
2
3814
104
24517
11748
3597
25289
19334
23146
7218
20540
4605
22229
32391
3008
128202
19881
5062
1789
276
12275
10488
2
20614
26489
6676
3795
20002
25317
45956
32851
52669
2213
22089
19554
26117
734
20453
9859
19517
21827
20634
3819
730
3360
51455
194
28867
10834
21185
104
34597
19627
10559
32542
1286
7156
55801
2080
15846
12527
5602
3200
2
12561
34425
160
1810
19893
9887
34105
3787
10369
47812
15603
11464
30209
93
14492
5471
14805
19657
20279
2773
15989
16086
9453
4277
2
2
17617
9576
3
24950
26168
33196
58530
12583
1820
13653
32223
20305
149683
3509
23450
19627
20975
376
139
11901
3860
50
45385
25190
21084
21976
13464
22360
20070
9650
21129
26933
20027
34719
32448
738
17206
3360
21875
4983
1966
8772
738
28831
1060
29169
12678
9451
529
10089
74321
20676
563
4031
2989
93
10975
14672
104
1270
14392
24391
7628
17790
3799
26132
965
19842
15475
10921
33609
34524
21338
69639
7373
43645
2
47883
20511
2233
3008
734
17381
16540
8945
15568
11460
734
9072
11184
4277
9335
35578
36332
2
254
10997
2
139
75732
20125
20259
3802
58575
1017
20499
20521
9433
131087
10230
6229
2539
12904
3622
383
2
39221
29216
54873
10298
854
20795
3008
19568
3814
734
13189
20052
5321526
26031
39362
15793
30987
19161
28096
21134
3434
9105
12123
48440
10887
21013
32173
1812
21883
680
21582
7479
15165
12338
288
3000
1814
14766
6382
999
20840
39243
22323
22791
31262
35116
736
23575
3814
16820
3777
2
2312
3008
1407
3008
3075
1895
31963
146426
20251
20364
139
38561
19290
40493
24035
738
26644
14473
43782
734
29080
3008
8625
25686
32960
111489
726
12940
11292
10225
10273
67484
1191
25660
738
24596
6969
5366
736
640
158
51633
20243
47561
734
17908
17012
21130
18149
2340
736
9638
9671
22711
19986
20543
699
9533
19926
19064
21602
4240
12786
20763
22234
8872
22663
23639
16395
26191
1060
30413
4240
21136
20381
35538
15000
558
736
10725
3333
21901
10492
27023
20443
19704
30166
19853
24665
32859
44295
2
3768
119793
31825
1806
21219
3360
18179
21754
206
32066
87341
254
734
2
20203
20441
3934
3858
3814
3814
31437
32929
18667
8902
19328
20769
3360
33902
3482
104
3146
699
23467
1422
3008
32630
9731
308
3794
30855
34328
8860
24343
20187
34220
35713
3008
19951
10805
59801
20367
15119
11435
13508
34540
17418
1883
10140
908
734
11045
22888
44668
48208
4350
2
34164
29558
18295
33380
28600
12295
3477
226580
111381
5896
4072
20822
2
2
984
26248
26018
15306
2
1140
104
30520
31016
35347
4240
11822
744
360
20537
23129
16079
9450
21436
10296
13286
3008
93058
34328
32173
112
21369
6542
22069
20848
15072
4587
34976
2251
6743
93
4110
21286
20034
53945
23969
18967
