80288
350962
106133
76761
96785
1050
176741
125547
24751
29683
2028
29735
83585
112404
19146
1468
121819
48675
7441
179834
110175
66376
160998
204172
171698
199664
154565
77774
10535
128014
76829
435804
55024
224450
103453
172830
34888
202505
0
106268
104856
259166
109012
22012
102451
138214
38375
9249
295558
200233
106163
246776
103480
107868
4458
103856
1468
122647
105319
91698
47302
126342
489015
83940
125426
112725
6432
108031
327217
110758
133644
68058
734
11727
161287
106227
46718
48074
126243
63813
92723
1339
59007
854189
179743
34196
15672
46432
242625
68441
104371
97006
115806
19825
106386
242608
13665
84270
102545
92611
114184
54705
787
26640
1468
30925
57286
10432
239538
163492
11725
112901
246482
103675
10597
53809
260137
366
104409
93113
126676
78285
106644
126055
300415
110844
121943
25641
48140
117338
10061
77183
110749
15135
188489
163546
3613
103587
33317
10504
77727
100015
198285
106711
6203
916417
108334
10295
117661
255306
329069
111099
35197
95
116127
28790
258971
1134
110946
2063
0
135653
31882
75751
106977
54858
113310
71022
47686
11488
25655
4458
111530
22433
251223
80682
68047
787
80450
4728
104486
20249
80735
44824
38372
159398
65420
55891
199282
51295
48166
48257
68054
59928
18432
524141
233346
131598
1670
163938
152652
22035
4458
170021
21275
13665
104589
551092
256221
11753
105714
71024
10523
530428
1468
100447
88232
749724
51707
235713
107028
111813
10534
30830
139470
184552
51061
80631
98380
38571
259261
196907
81761
11755
72168
118584
13665
146268
140720
266246
31569
166380
60177
135160
130999
117699
125951
104283
4557
787
3084
105429
260242
149242
4406
191639
38089
108724
78866
136400
80625
103126
10616
162018
47432
134629
103689
198071
19472
129499
22377
10599
10527
29685
198704
53998
103737
90973
648613
36585
46995
27435
158337
12457
20768
67108
166810
171628
10514
69854
155088
16271
44654
111321
8216
48411
81309
160241
109391
86938
140303
273260
4655
13665
128096
206018
63502
19420
112234
148672
175774
113176
45879
255851
136544
10300
215269
13665
153561
27093
105373
124189
229625
270285
259955
149242
44735
41374
222685
102393
13586
3550
64676
21169
37920
133025
787
73230
40490
75976
261892
135987
452749
107221
317693
105834
19477
10535
246353
35414
29691
11749
136217
115859
246726
56881
125623
214652
256495
4458
143064
53986
10837
151420
253207
174159
89668
945171
41246
52819
21970
104704
277177
10536
104771
115624
149264
108416
110513
29065
787893
29742
11725
78464
103754
4458
114466
29674
229829
4458
28106
10531
136412
15143
3056
86853
142451
103853
219574
1311
1468
170157
110715
242227
38371
81254
93806
60365
119530
10426
4458
131188
62812
103316
109381
28150
269230
35169
3285
103647
10432
68285
103219
154975
64172
113733
107481
185402
116727
75411
73481
7367
15481
29700
291830
163804
29737
19259
37678
41063
59844
45713
161019
149898
23621
105478
256221
109310
4458
108997
103181
76904
14117
0
111482
281688
109918
135793
147685
62497
11753
19774
47661
10506
1097
112419
161929
130364
237063
136145
105043
25809
273496
61537
59627
18844
93112
178167
64846
245788
108336
10533
103459
48165
144134
163754
229570
0
1468
105130
8262
261707
39194
268105
114052
286314
268848
60116
29709
101594
277148
53387
188433
114506
108735
253144
110813
106203
104254
153214
152017
50752
1468
10424
182287
25613
166716
28427
40692
72666
84061
54847
133199
104162
58497
109164
42643
8216
0
4458
27574
152815
174140
17370
156924
100069
139996
28456
448718
41502
125748
92311
18518
651281
107621
50238
7037
1252
41527
69688
0
106865
97782
54542
25585
112770
92723
102728
136892
242769
7364
126406
108360
121105
10428
116817
46307
103386
124461
108230
25627
10422
11725
159499
4358
78657
178413
107123
27573
268105
104309
42140
312651
43689
56151
128818
19462
67410
113234
8323
113340
3565
56302
259988
1947
29657
102951
90307
39728
4458
176877
210957
36085
192912
527633
1468
104117
58719
30447
221649
104399
32005
250300
127612
153225
44522
0
0
85762
179068
790
157153
173250
256461
142954
79468
29735
44535
248136
97774
523333
15444
90423
88422
112524
5458
1487
70439
26065
910
73323
93755
119623
131771
68951
130745
107727
50932
45140
536342
104554
265947
251609
10534
85797
11753
130901
27075
38065
24948
10523
213388
8262
208308
67910
37205
52696
193978
507748
107925
14004
25998
11938
1468
151815
87224
27574
3736
79750
109497
48489
73314
25565
177689
3250
104060
92915
43141
263420
206933
73179
386141
133784
192234
1172
128660
107746
19831
19482
10426
37403
75079
33429
97380
40517
10532
23746
198246
44522
134356
275647
161776
44809
93865
66990
0
1487
510655
106548
106878
25586
317210
1172
106672
106292
165278
623128
64884
37642
67541
75992
71929
9336
0
160717
212488
468221
42993
10612
107969
19407
102988
4458
10530
198925
87002
18203982
185829
240883
50111
252330
80703
191814
115138
25393
74057
40769
480542
170232
116709
80629
29684
84142
60048
115867
46998
92323
87240
8002
28720
29681
74803
27566
3281
106036
81985
58302
135327
247199
111895
10599
153129
4458
138577
25557
787
24387
19556
70581
20652
10295
17841
80263
321209
106564
113344
1487
291551
81893
111717
119558
10512
150091
61979
114315
10516
128014
30111
51908
110573
251989
437803
10418
175788
196770
47261
180808
511422
11865
158462
10517
169935
42106
31915
10501
59761
1834
149779
105904
677998
10517
86522
94295
109496
96134
69121
10530
94541
150445
114257
105176
108640
13429
27962
104461
100286
122418
20316
33719
69608
108673
39185
112701
80303
71387
177689
8262
220591
18930
917106
111412
272067
115154
18368
10532
44165
161521
85124
57713
144992
106589
145171
81606
104913
142981
250545
114686
0
65029
549768
137548
29713
118391
11753
61396
123346
1978
106628
207657
81770
10585
787
106665
112117
7578
25696
4458
4458
231294
238139
480481
35660
103476
113440
11730
252106
34294
27000
110995
13407
146314
18890
30058
213654
162908
8064
25572
60843
241979
147996
73132
103771
189383
249363
19071
104081
183756
147380
83247
77639
189623
70382
265640
131197
8176
173144
14060
10527
58874
138486
222972
76014
29933
787
160508
111442
152810
265601
185280
48433
99699
749479
372344
9913
26052
108962
5067
1085
4008
105683
133735
116423
0
13665
170
176493
139997
264465
20936
20103
19296
8216
166904
139530
40215
183847
106661
168291
73622
19468
327706
241979
80629
7127
120678
34274
123053
113733
43868
152765
183101
18732
38376
1468
26159
116752
106062
165195
153401
80683
