14147
39096
19146
11007
19252
426
24618
21631
4003
1807
925
1807
13300
26287
3008
93
36485
17315
2205
29007
20114
19714
9754
10615
9913
27094
24842
14132
738
28521
10179
17752
10292
55767
11308
10277
11566
126421
1428
19464
19032
32452
20380
245
27405
20963
1980
2080
23297
92054
19365
33268
19428
19915
28806
19123
93
21277
13198
46409
7956
39718
22182
17686
21406
20037
234
19703
57329
19540
15322
18195
142
3354
24793
19427
11416
16843
21797
25570
24682
829
11155
30663
23292
8767
863
20230
49234
26180
19486
18561
20529
786
2696
68679
766
17332
18920
15620
20237
13408
2
2967
93
9994
19642
740
33374
25265
3356
19640
36361
19121
734
7998
32407
16049
19126
20203
22043
29057
19670
10766
36392
24443
32508
3627
3052
20496
1562
2
3039
5743
9859
10097
1142
19382
7019
852
16291
17260
27494
19766
2
22052
25345
2988
21649
35034
22963
19310
4341
1048
16496
8387
33712
2
19485
948
13367
2675
216841
14007
14560
12573
19986
16503
22368
3195
3635
3679
3016
11275
29635
15123
18187
2
26272
216
18902
13167
16044
14972
6284
9437
19084
32090
3330
9326
18334
3064
18193
21416
3008
51308
29001
21668
2
23110
21850
11637
28296
10927
281
767
19542
74202
34558
3356
19769
43856
740
68604
93
28600
38480
222633
276
31721
19693
19897
738
3008
242
35067
10750
35793
2696
20938
31862
26515
254
3356
24537
20956
767
21490
1542
69270
11780
44871
694
16204
21685
20920
20751
19157
688
2
2
16362
33474
42859
2
8833
1980
20327
12524
5923
35408
18975
860
24012
7231
21611
19089
27640
5600
20845
2142
856
732
1805
39124
18014
19207
21529
89839
5346
4695
14003
34804
3394
3954
11081
8910
20979
730
14345
23966
689
12338
3062
360
8749
32703
26704
26629
17150
20831
34167
1326
767
14339
29243
18812
3008
19691
18281
24513
3032
18578
37116
17049
4440
45120
767
23016
2909
25935
31283
26289
33416
82998
42859
20816
13658
38332
18859
1611
1110
26283
3008
1973
14542
2
22983
10352
38905
22054
33229
22532
19393
49299
19140
3008
738
31411
4317
1797
11036
23698
19414
31739
22603
8471
51076
82442
34299
40192
1092
3460
30414
36850
11866
20293
28709
16118
20991
3403
19579
33820
738
19650
20546
12806
19749
6586
1654
104238
1817
3356
17210
19306
21188
22080
1797
24469
3679
6248
736
277
10610
103
17699
22014
18882
78509
27607
93
25827
3032
50336
8701
24403
9218
14100
20277
734
3679
21431
6715
19384
19418
9233
35480
2681
1001
18441
740
71984
19275
23564
16373
20175
19679
25178
20653
45693
18405
10669
6364
1813
33145
24717
8700
1347
5243
9385
669
15076
9216
9356
2269
19618
35000
20288
3679
22052
19960
17811
3381
8209
3065
9623
19126
24259
46837
28087
10689
837
8534
854
2
19927
23662
21420
66619
30699
19202
3729
32915
18558
8643
3008
20197
21846
17520
34887
19696
736
18759
20029
9641
67684
30675
21187
93
19761
9659
33658
4853
36265
20766
22559
31934
51529
9458
3153
7850
7837
12342
19851
19907
61433
19525
20070
19175
9112
9994
6646
93
732
24810
3611
33588
3670
7673
1183
16057
6943
22040
18864
13788
19802
8551
360
2724
3679
104
23790
11406
10139
25053
19270
22223
8005
20512
23725
21528
32129
3008
103326
18973
5108
1789
271
12126
3356
1771
19884
25644
5484
3595
19823
24655
52181
236
50840
2214
21356
19574
27594
734
23247
10644
18689
21097
19700
3619
730
18825
51362
2
28640
11126
20457
104
36211
18862
9782
32586
1062
7076
55261
2078
24188
12484
5602
3155
2
12675
33687
155
1805
19089
10360
34105
19760
9617
221880
13312
11451
27839
93
14347
5525
13968
7674
19425
2773
15799
15858
9299
6944
26275
767
17424
9515
3
24404
18837
30645
58737
12505
1815
12702
31395
20072
118431
3504
23400
19251
20235
376
139
11803
3659
50
42810
24655
20408
21093
13615
21606
19319
10308
20941
11528
19468
33873
32514
738
14547
3356
23295
4958
9877
9161
738
28436
9384
28508
9614
9509
529
10066
89509
19937
459
3831
2961
93
10991
13325
104
1230
16447
26717
8592
18335
3599
25479
965
19136
15472
8013
32722
35496
19932
68297
28970
42935
2
47994
19748
2228
3008
734
17304
16572
8910
16117
10651
734
9030
11213
6944
9253
34479
242
2
262
10811
92199
139
72271
19399
19388
3602
58032
1017
19745
19787
8923
103132
10160
6229
2537
12618
3622
435
37654
38351
28446
55785
10266
854
20026
3008
18802
3679
734
13104
19047
12025369
25606
40866
16121
29350
19071
27947
20357
3434
7808
12451
49339
10924
20318
35123
1807
20013
696
20848
7323
4707
12073
242
2952
1809
14703
7063
999
20288
36702
21618
21298
30755
34403
736
22135
19793
12597
3577
2
2438
3008
1410
3008
2988
1848
31919
142526
19661
19493
139
33400
19253
40488
24099
738
26625
43226
43777
734
28511
3008
5198
25139
32288
107804
726
12461
11318
10225
9816
68304
1144
23661
738
23874
6930
5356
736
647
158
53001
20156
44273
734
17877
15593
20392
19162
2247
736
7891
9628
23052
19364
19869
699
9533
19173
19055
20799
4240
12482
16159
21404
8912
22734
19275
29229
25533
10109
29690
4240
22427
19147
34056
11680
574
736
10692
3288
23104
10714
35280
19754
71528
29060
19059
24597
33049
44290
62
3921
93550
31249
1801
20484
3356
18110
21203
206
32767
77118
254
734
2
19530
19659
1221
3658
3679
3679
31509
32409
19890
9285
19348
20064
3356
32949
3336
104
3058
3008
21397
1494
3008
18007
9589
262
3593
30177
32023
8884
23956
19456
33218
34892
3008
19218
10675
59012
21657
15363
11198
11529
33888
17326
1878
9512
908
734
10245
21524
8778
43352
4207
2
34078
20551
18319
32547
35089
2
3432
222432
109943
5529
3872
20069
2
732
984
25420
25896
15048
53203
767
104
37088
31877
34420
4240
13277
744
360
20549
22428
16064
8827
20705
10498
13238
3008
188340
32023
35476
112
20678
6527
21337
20175
13599
4627
33712
2251
6704
93
3910
20472
19266
55806
23220
6096
