67178
358997
103285
77579
99776
1050
174767
123013
23895
50423
1806
50424
61633
120044
19484
1468
113103
52092
7441
504962
107084
67080
155778
195028
162872
196622
159894
77849
19599
125895
98814
418818
54955
387259
105841
191734
34982
202505
5869
103612
102535
239064
106324
21770
102901
127355
38141
9249
197591
201969
102373
244531
101337
104622
232860
100808
1468
127414
96345
95474
50733
127260
923399
83924
122649
109034
6432
104355
285318
109338
132377
64773
734
11665
158322
103276
55634
48074
123113
73068
96904
1345
56168
648797
170334
36244
15183
48482
237742
67400
107614
94872
113031
19493
241145
348725
6376
86098
99751
65444
111307
54634
787
27201
1468
30702
55157
19496
252029
160491
11642
110035
251164
100836
19661
53152
241093
84148
101416
96435
115617
103170
103595
38485
280743
109716
113601
25004
45907
114483
10170
0
99348
10292
162004
158254
3613
100735
32888
19568
76071
99316
195633
104081
6203
931560
107551
10163
124336
252759
322175
108136
116920
9071
109573
26544
271389
1134
107808
1841
65172
135334
485849
73824
98020
54722
110164
67069
52489
11488
25018
4458
100308
22080
256279
83126
64761
787
95186
4731
101434
19611
80796
37467
38343
151941
64828
56077
188893
51833
46964
45923
64769
60999
18720
425083
222102
128504
1590
152654
158487
20939
218921
182267
419
6374
101864
549299
260288
11665
102959
70403
19601
529710
1468
104035
87746
728128
410
248479
104437
109046
19599
31330
352
190381
50379
91580
108368
38571
240184
195493
89473
11639
67670
115817
6376
135331
141340
286511
32041
170182
55893
134113
128122
118850
122545
101432
4557
787
40063
100640
257338
143853
2325
188712
37806
105827
91402
29625
91070
100417
19680
159193
44127
123881
100946
195152
16361
126633
16848
19677
19593
50365
109092
53998
101615
90704
525515
37076
45770
27450
153718
12505
21128
66343
165431
149387
19578
54177
152247
16218
44017
99999
8216
50431
80989
362529
115901
85525
121754
271789
4650
6337
128016
202314
60132
19498
108393
148672
172940
102292
45879
291568
136545
27169
218608
6374
88005
27654
110083
115943
186159
258844
257553
143853
62978
42076
233971
99564
4108
3550
62526
21380
37785
124668
787
72811
44348
74645
257731
154586
431300
104625
320155
102553
19879
19599
235131
35498
50380
45556
159768
114966
242337
71818
119529
212755
254992
265858
147332
50191
10837
172022
200163
173438
91791
962373
41246
54509
21256
101952
257478
19600
102617
112807
142064
105687
100596
49781
649836
50470
11663
77208
100583
127092
123926
50394
83874
4458
28106
19595
423
15143
3024
104208
139452
101018
197925
105341
1468
168034
99375
224126
39168
87017
93629
60329
116643
19490
4458
128472
61571
100436
106182
39101
273182
69499
3285
95493
19496
150896
100328
151916
49605
111002
103063
182216
113837
75411
82176
28018
21001
50424
293968
82433
29395
14580
39511
49438
55680
45252
153705
148100
23958
102606
269069
106718
4458
101349
110807
76033
19612
42264
100130
257647
106967
132208
147431
61876
75984
19399
49842
19570
1097
109422
166385
127668
176939
144372
102078
25172
256578
59634
40497
18855
96435
204451
63149
251714
105546
19597
100417
49575
140451
166039
218550
88536
1468
102272
32385
262674
39475
289277
119712
243004
243981
59133
30153
91075
256843
52556
184380
111569
105851
281727
108014
103301
101358
146092
145641
64440
1468
19488
172907
24976
157753
28988
35913
27351
82654
51032
130381
101383
58423
105539
33065
8216
16809
4458
27313
149856
166149
17250
161776
99624
136798
29986
430772
229778
123391
91378
18749
563130
104097
48797
7077
1252
43534
11665
86455
104017
92680
49282
24948
105382
96849
115932
358
224768
7368
123531
101608
127410
19492
126644
48534
100459
121612
105039
24990
19486
74478
159412
2325
79219
164050
104226
27313
289277
101438
41045
290019
42803
56151
129245
16597
83205
112996
8323
102339
3414
53791
256740
1947
50375
100028
93053
39728
104820
165119
422510
37954
185741
934418
1468
99247
58869
29728
84703
101354
32091
242235
130396
148737
55908
49976
6376
86092
164958
790
156094
128742
235600
145556
86088
50463
48545
245456
97319
412346
15444
90132
88101
109660
5458
1487
73379
25427
910
72781
96863
116960
128569
69070
127811
104379
60450
45685
242501
102123
263217
256721
19598
82650
11639
147526
27075
150397
25315
19587
218800
31943
205680
62522
31763
38129
182088
461179
105043
16135
25361
11896
1468
146515
87282
27313
16615
81346
116007
50696
81375
24928
174618
3250
101272
92804
36109
260250
180444
67313
358274
346387
183520
1172
126825
104577
19831
19263
19490
36744
74906
35591
115361
44786
19596
23030
174244
55908
129561
264991
360
44809
100775
66055
149311
1487
487535
103918
103633
24949
319570
1172
103801
103396
164709
566738
64381
37264
112750
75730
71759
6625
81140
156967
209060
473537
42954
19676
105134
19471
100188
4458
19594
182006
86332
18203982
189940
246834
47499
241324
80803
196656
112240
25831
65645
55472
482885
164418
113941
90390
50433
84103
55877
112996
46205
33422
86055
5669
28302
50439
71848
28125
3281
103718
77909
65865
124506
249929
108386
19663
142362
104724
102187
24920
787
24657
19776
21135
21044
10163
18018
82659
315509
103921
110299
1487
252593
80053
111717
120519
19590
145922
150963
114315
19597
125895
31726
293668
109261
249641
419427
19482
174452
192812
47261
199326
514220
11716
148711
19581
166912
49762
31915
19579
55663
1833
136447
105598
559655
19581
86613
109467
106909
99670
67902
19594
79766
140891
121406
102459
105994
13193
27872
101536
100069
119228
20331
35109
65634
102015
39074
106048
70336
234659
174618
33648
217497
19214
935046
100471
260495
93958
17292
19596
41369
152443
88538
58851
192237
103821
279763
79593
102065
142373
255646
114686
537
58914
501834
135400
50409
115490
11665
61727
120916
1978
104074
187515
89474
19649
787
103933
109183
5214
25059
4458
4458
238046
230989
916040
31210
96168
110728
11663
248591
34285
26733
99573
18011
136378
18627
30392
78937
153434
5689
24934
56574
229371
143720
72698
100918
184564
245940
19251
101238
178099
146711
86750
81229
194724
69856
262365
107751
8176
166270
13958
19591
43915
127456
49330
70253
30115
787
154362
81460
141658
262839
182895
0
89071
727879
354805
9913
25415
106085
6875
19488
4008
125000
130559
112084
150198
6343
170
183223
152691
259942
21288
22561
19425
8216
165136
136763
40215
177624
103808
160994
73847
19876
327706
229371
91202
6420
117985
34210
120186
111002
43899
150039
172730
18698
46871
1468
25522
114451
103269
124675
150414
40430
