0
0
0
11
0
0
0
0
0
0
0
0
2
0
0
0
0
0
0
0
0
0
23
0
0
0
7
156
0
17
0
12
0
1
2
0
0
17
17
0
0
17
1
0
4
2
0
0
0
0
0
3
3
1
2
0
1
0
0
1
1292
0
0
17
0
1
0
0
0
128869
0
0
0
0
0
1
0
0
0
0
2
2
0
2
0
0
0
0
20
0
0
0
0
0
0
17
0
0
0
27
13
1
0
0
0
6
1
1
47
4
0
0
0
0
53
1
0
0
17
0
3
0
0
0
3
0
11
1
0
0
0
0
1
0
0
0
0
0
0
16
0
0
0
0
0
0
1
0
0
0
27
0
17
3
0
0
0
1
0
17
0
0
2
0
0
10
1
0
0
0
0
4
4
0
2
45
0
0
0
0
0
1
0
0
0
0
0
0
0
0
0
0
0
1
0
0
0
0
0
1
0
0
3
0
21
0
4
0
0
0
0
0
0
0
0
0
0
0
0
0
0
0
0
0
0
1
0
26
0
0
0
0
0
17
17
0
5
0
0
0
17
0
0
2
0
0
1
0
10
0
0
51
17
27
2
21
0
0
0
0
0
0
0
0
0
0
0
1
0
0
0
0
0
0
2
914
0
0
0
36
0
0
0
7
0
18
0
0
0
0
0
3
0
0
0
0
134
1
0
0
0
17
0
0
0
0
0
0
0
0
0
2
0
0
3
0
0
3
0
0
0
0
17
0
0
0
10
0
195
0
3
0
0
17
0
0
0
0
0
0
0
0
0
0
3
0
1
4
0
54
0
23
0
17
26
0
0
0
0
0
1
17
4
0
0
2
0
0
0
1
0
0
0
0
0
0
0
0
0
12
0
0
20
0
0
0
0
0
1
0
0
0
0
0
0
51
1
1
0
0
0
0
0
0
78
2
0
2
0
0
1
0
0
1
0
17
0
0
0
17
0
0
1084
0
1052
0
1
0
1
0
0
0
0
0
1
0
0
0
0
0
0
0
1
17
8
0
0
0
0
0
2
0
0
0
0
0
0
0
0
18
0
0
0
0
1
0
0
0
11
0
0
0
0
12329
0
2
0
2
26
27
0
0
0
0
0
0
17
27
0
0
0
0
0
0
0
0
0
0
0
0
0
0
0
0
0
4145
0
0
0
0
0
1
1
14
2
4
0
0
0
45
0
0
0
0
22
0
0
17
0
0
0
8
0
0
0
1
7
0
0
0
4873
17
0
0
0
0
1
0
2
0
102
0
0
42
0
0
0
0
0
0
0
0
0
0
0
0
0
0
0
10
1132
0
0
0
0
0
1
1
27
0
0
10
0
0
0
1
0
4
0
1
0
2
1
27
0
0
0
0
1
2
3
27
0
3
0
0
1
0
0
0
0
0
0
3
0
0
0
0
0
167
0
17
0
17
2
0
0
0
0
0
0
0
0
0
0
0
0
0
0
0
0
0
0
17
0
0
1
0
1
2
0
0
0
0
0
0
0
0
1
0
0
0
0
0
0
1
0
0
24
0
0
0
0
0
1
6
0
0
0
17
17
0
0
0
0
0
0
0
1
0
17
1896
0
0
0
17
0
0
0
0
0
0
0
0
0
0
0
1
0
11
0
0
0
0
1
0
0
0
18
0
0
0
0
0
0
5
0
0
17
0
0
0
0
0
0
0
0
0
6
0
3
0
0
0
0
0
4
0
0
0
0
0
0
0
27
0
0
0
0
44
0
0
0
0
2
0
0
14
7
0
0
0
0
0
4
0
0
0
17
0
1
0
0
0
184
0
1
0
0
1
0
0
1
1
0
0
0
0
0
0
0
0
0
0
0
0
0
0
1
0
0
0
0
0
1
14
1
0
0
0
0
17
49
0
0
5
0
0
0
3
0
0
7
1
13
17
0
0
7
0
0
0
0
0
0
0
3
0
23
2
0
0
0
17
0
2
0
0
45
0
0
1
0
0
0
0
0
0
0
0
0
0
0
0
0
0
0
0
20
0
0
0
7
0
0
0
0
0
0
13
5
1
0
0
0
0
0
17
0
1
1
0
2
4
0
1
0
0
0
1
0
3
0
1
0
1
2
0
2
0
0
0
5
0
0
0
0
0
0
723
0
19
0
0
0
0
0
0
0
0
0
0
0
0
0
0
547
6
0
131
0
0
0
0
0
0
0
0
0
0
35
0
0
0
0
0
11
0
128
17
0
0
0
17
0
0
2
0
0
0
0
98
2
0
9
0
0
1
0
1
0
0
2
0
0
0
0
17
0
0
